logL Corr CorrErr
41.54958636298034 -0.5476179275639235 0.010388834919171945
41.551673187749024 -0.5404448646021023 0.0054147599613201675
41.553760012517714 -0.5357058367061929 0.005403909556344635
41.555846837286396 -0.5310580641537452 0.005392999408417735
41.55793366205508 -0.5265001557962243 0.005382030803742928
41.56002048682376 -0.5220307181558522 0.005371004972206428
41.56210731159245 -0.5176483555030535 0.005359923089327304
41.56419413636113 -0.5133516699329025 0.005348786278181186
41.56628096112981 -0.5091392614403515 0.005337595611297476
41.568367785898495 -0.5050097279945616 0.005326352112531364
41.570454610667184 -0.5009616656121129 0.00531505675891044
41.572541435435866 -0.4969936684292883 0.005303710482456889
41.57462826020455 -0.49310432877322313 0.005292314171985014
41.57671508497323 -0.48929223723221493 0.005280868674875331
41.57880190974192 -0.48555598272498957 0.005269374798824964
41.5808887345106 -0.4818941525690952 0.005257833313575206
41.582975559279284 -0.47830533254823593 0.005246244952615955
41.585062384047966 -0.4747881069788138 0.005234610414868168
41.587149208816655 -0.47134105877548427 0.005222930366343986
41.58923603358534 -0.46796276951588844 0.005211205441785318
41.59132285835402 -0.46465181950438367 0.005199436246280537
41.5934096831227 -0.4614067878350143 0.005187623356860311
41.59549650789139 -0.45822625245355003 0.005175767324072203
41.59758333266007 -0.4551087902187303 0.0051638686735347075
41.599670157428754 -0.4520529769625542 0.005151927907470324
41.601756982197436 -0.44905738754983626 0.005139945506218593
41.603843806966125 -0.4461205959368629 0.00512792192972869
41.60593063173481 -0.44324117522928025 0.005115857619032148
41.60801745650349 -0.44041769773905826 0.005103752997695199
41.61010428127218 -0.4376487350407255 0.005091608473251641
41.61219110604086 -0.4349328580267838 0.00507942443861593
41.61427793080954 -0.432268636962225 0.00506720127347618
41.616364755578225 -0.42965464153833177 0.005054939345667959
41.618451580346914 -0.4270894409256094 0.005042639012528182
41.620538405115596 -0.4245716038259628 0.00503030062222968
41.62262522988428 -0.4220996985239744 0.005017924515095703
41.62471205465296 -0.4196722929374591 0.005005511024895243
41.62679887942165 -0.41728795466715335 0.004993060480118382
41.62888570419033 -0.414945251045638 0.004980573205232165
41.63097252895901 -0.4126427491853602 0.004968049521916202
41.633059353727695 -0.41037901602591353 0.004955489750278761
41.635146178496385 -0.4081526183804417 0.004942894210052536
41.63723300326507 -0.40596212298125256 0.004930263221770449
41.63931982803375 -0.40380609652451677 0.004917597107920662
41.64140665280243 -0.40168310571419336 0.004904896194081433
41.64349347757112 -0.39959171730505316 0.004892160810034946
41.6455803023398 -0.3975304981448805 0.004879391290860404
41.647667127108484 -0.39549801521572714 0.004866587978005413
41.649753951877166 -0.3934928356743515 0.004853751220336295
41.651840776645855 -0.3915135268917168 0.004840881375166297
41.65392760141454 -0.38955865649161947 0.004827978809261933
41.65601442618322 -0.3876267923883262 0.004815043899826406
41.6581012509519 -0.38571650282333986 0.004802077035460634
41.66018807572059 -0.3838263564011708 0.0047890786171007685
41.66227490048927 -0.3819549221241786 0.004776049058932375
41.664361725257955 -0.38010076942636095 0.004762988789280072
41.666448550026644 -0.37826246820619797 0.004749898251473078
41.668535374795326 -0.37643858885846904 0.004736777904685732
41.67062219956401 -0.3746277023049722 0.004723628224752129
41.67270902433269 -0.3728283800242408 0.004710449704955167
41.67479584910138 -0.37103919408013597 0.0046972428567887275
41.67688267387006 -0.3692587171493676 0.0046840082106929725
41.67896949863874 -0.3674855225478204 0.004670746316761421
41.681056323407425 -0.365718184255785 0.004657457745420068
41.683143148176114 -0.36395527694196644 0.0046441430880771895
41.685229972944796 -0.36219537598632073 0.004630802957743672
41.68731679771348 -0.3604370575015924 0.004617437989622448
41.68940362248216 -0.3586788983536441 0.004604048841667184
41.69149044725085 -0.3569194761804542 0.004590636195108781
41.69357727201953 -0.3551573694098212 0.004577200754949361
41.695664096788214 -0.3533911572756482 0.004563743250422279
41.697750921556896 -0.35161941983289396 0.004550264435418165
41.699837746325585 -0.3498407379710597 0.004536765088875417
41.70192457109427 -0.3480536934262485 0.0045232460151347674
41.70401139586295 -0.34625686879166473 0.004509708044256285
41.70609822063163 -0.34444884752663624 0.004496152032298739
41.70818504540032 -0.342628213964024 0.004482578861559632
41.710271870169 -0.3407935533160521 0.004468989440775387
41.712358694937684 -0.3389434516784184 0.004455384705279944
41.714445519706366 -0.3370764960327683 0.004441765617121582
41.716532344475056 -0.33519127424738737 0.004428133165136126
41.71861916924374 -0.3332863750761455 0.0044144883649759525
41.72070599401242 -0.33136038815554364 0.00440083225909288
41.7227928187811 -0.32941190399994474 0.004387165916674673
41.72487964354979 -0.32743951399483845 0.00437349043353318
41.72696646831847 -0.3254418103881688 0.00435980693194341
41.729053293087155 -0.32341738627956734 0.004346116560431508
41.731140117855844 -0.32136483560756907 0.004332420493511188
41.733226942624526 -0.31928275313469656 0.0043187199313668495
41.73531376739321 -0.31716973443029933 0.004305016099481602
41.73740059216189 -0.3150243758512205 0.004291310248209634
41.73948741693058 -0.31284527452012834 0.0042776036522907636
41.74157424169926 -0.31063102830153816 0.004263897610306258
41.74366106646794 -0.3083802357753503 0.0042501934440736635
41.745747891236626 -0.30609149620799303 0.004236492497980078
41.747834716005315 -0.3037634095209905 0.004222796138251526
41.749921540774 -0.3013948224420411 0.004209105986081686
41.75200836554268 -0.2989860782107533 0.004195425018103269
41.75409519031136 -0.29653891789509856 0.004181757305643509
41.75618201508005 -0.29405527858469627 0.004168107075834929
41.75826883984873 -0.2915370976097989 0.0041544785701564954
41.760355664617414 -0.2889863125280507 0.004140876043518327
41.762442489386096 -0.28640486111050945 0.004127303763283475
41.764529314154785 -0.28379468132677027 0.004113766008224284
41.76661613892347 -0.281157711329272 0.00410026706741218
41.76870296369215 -0.2784958894366223 0.004086811239038467
41.77078978846083 -0.27581115411609447 0.0040734028291653955
41.77287661322952 -0.2731054439651331 0.0040600461504051505
41.7749634379982 -0.2703806976919534 0.0040467455205257285
41.777050262766885 -0.26763885409506794 0.004033505260981468
41.77913708753557 -0.2648818520419047 0.004020329695367704
41.781223912304256 -0.26211163044634744 0.0040072231477973974
41.78331073707294 -0.2593301282452963 0.003994189941199016
41.78539756184162 -0.25653928437407664 0.0039812343955337205
41.78748438661031 -0.25374103774086365 0.003968360825931578
41.78957121137899 -0.25093732720002065 0.003955573540745415
41.79165803614767 -0.24813009152425555 0.003942876839521003
41.793744860916355 -0.24532126937576362 0.003930275010883674
41.795831685685044 -0.24251279927619643 0.003917772330340035
41.79791851045373 -0.23970661957556444 0.003905373057994833
41.80000533522241 -0.23690466841991506 0.0038930814361819934
41.80209215999109 -0.23410888371797683 0.0038809016870105574
41.80417898475978 -0.23132120310661455 0.0038688380098248964
41.80626580952846 -0.22854356391521555 0.0038568945785799687
41.808352634297144 -0.22577790312885887 0.003845075539131436
41.810439459065826 -0.2230261573504668 0.003833385006442165
41.812526283834515 -0.22029026276179964 0.0038218270617054032
41.8146131086032 -0.2175721550834206 0.0038104057493862703
41.81669993337188 -0.2148737695335024 0.0037991250741824367
41.81878675814056 -0.2121970407856824 0.0037879889979064553
41.82087358290925 -0.20954390292584626 0.003777001436291173
41.82296040767793 -0.2069162894079785 0.0037661662557209622
41.825047232446614 -0.20431613300897122 0.0037554872698908276
41.8271340572153 -0.20174536578261046 0.003744968236397069
41.829220881983986 -0.19920591901263895 0.0037346128532621853
41.83130770675267 -0.19669972316504958 0.003724424755398074
41.83339453152135 -0.1942287078395238 0.00371440751101095
41.83548135629003 -0.19179480172024502 0.0037045646179529913
41.83756818105872 -0.18939993252601187 0.0036948995000248815
41.8396550058274 -0.18704602695981945 0.00368541550323471
41.841741830596085 -0.1847350106578501 0.0036761158920181553
41.843828655364774 -0.18246880813810662 0.0036670038454264123
41.845915480133456 -0.18024934274869475 0.0036580824532877775
41.84800230490214 -0.178078514926583 0.003649354731439111
41.85008912967082 -0.1759575085601935 0.0036408242009881835
41.85217595443951 -0.17388606396258402 0.003632491891591076
41.85426277920819 -0.17186270248950733 0.0036243525651228105
41.856349603976874 -0.16988580675086748 0.0036164002284220357
41.858436428745556 -0.1679537584847469 0.003608628883962927
41.860523253514245 -0.16606493874995443 0.0036010325394248512
41.86261007828293 -0.1642177281139867 0.0035936052169408634
41.86469690305161 -0.16241050683600652 0.003586340962010407
41.86678372782029 -0.1606416550446871 0.003579233852063307
41.86887055258898 -0.1589095529105539 0.003572278004662153
41.87095737735766 -0.15721258081264988 0.0035654675853316665
41.873044202126344 -0.15554911949919403 0.0035587968150038616
41.875131026895026 -0.15391755024213233 0.0035522599770694925
41.877217851663715 -0.15231625498528295 0.003545851424026278
41.8793046764324 -0.15074361648595533 0.0035395655837158467
41.88139150120108 -0.1491980184497814 0.00353339696514156
41.88347832596976 -0.14767784565870895 0.003527340163860905
41.88556515073845 -0.14618148409192627 0.0035213898669461704
41.88765197550713 -0.14470732103965012 0.0035155408575084134
41.889738800275815 -0.14325374520957973 0.003509788018779902
41.8918256250445 -0.14181914682601537 0.003504126337751595
41.893912449813186 -0.14040191772147004 0.0034985509083621537
41.89599927458187 -0.13900045142075715 0.0034930569342361646
41.89808609935055 -0.13761314321740997 0.0034876397309692537
41.90017292411924 -0.13623839024247214 0.0034822947279590202
41.90225974888792 -0.13487459152557016 0.003477017469780648
41.9043465736566 -0.13352014804819473 0.003471803617106539
41.906433398425285 -0.1321734627892549 0.003466648947170237
41.908520223193975 -0.1308329407628163 0.003461549353774622
41.91060704796266 -0.1294969890480713 0.003456500846845228
41.91269387273134 -0.12816401681146955 0.0034514995515292704
41.91478069750002 -0.1268324353211055 0.003446541706841879
41.91686752226871 -0.12550065795330495 0.0034416236638605624
41.91895434703739 -0.12416710019148108 0.003436741883469551
41.921041171806074 -0.12283017961721109 0.0034318929336553095
41.923127996574756 -0.12148831589364828 0.003427073486355112
41.925214821343445 -0.12013993074122647 0.0034222803138599877
41.92730164611213 -0.1187834479057396 0.003417510284773753
41.92938847088081 -0.11741729311875584 0.0034127603595292553
41.93147529564949 -0.11603989405048697 0.0034080275854633966
41.93356212041818 -0.11464968025507058 0.0034033090914517045
41.93564894518686 -0.11324508310834917 0.003398602082103395
41.937735769955545 -0.11182453573809623 0.0033939038315171292
41.93982259472423 -0.11038647294680637 0.0033892116765978464
41.941909419492916 -0.10892933112699209 0.0033845230099340765
41.9439962442616 -0.10745154816905836 0.003379835272235105
41.94608306903028 -0.10595156336168256 0.003375145944326375
41.94816989379896 -0.1044279651197066 0.003370451796415397
41.95025671856765 -0.10288013882255212 0.0033657457346996196
41.95234354333633 -0.10130824818004126 0.0033610219111673847
41.954430368105015 -0.09971316613505932 0.0033562779406568237
41.956517192873704 -0.09809581532188688 0.003351511606629826
41.95860401764239 -0.09645711665310318 0.003346720607927084
41.96069084241107 -0.09479798938932925 0.0033419025626431993
41.96277766717975 -0.09311935120799451 0.003337055011934646
41.96486449194844 -0.09142211827099689 0.0033321754237582517
41.96695131671712 -0.08970720529128419 0.0033272611965384246
41.969038141485804 -0.0879755255982277 0.0033223096627610373
41.971124966254486 -0.08622799120186873 0.0033173180924925957
41.973211791023175 -0.08446551285591301 0.0033122836968228404
41.97529861579186 -0.08268900011951366 0.003307203631229549
41.97738544056054 -0.08089936141771804 0.0033020749988638795
41.97947226532922 -0.07909750410067305 0.003296894853755395
41.98155909009791 -0.07728433450146828 0.0032916602039353357
41.98364591486659 -0.07546075799266762 0.003286368014477313
41.985732739635274 -0.07362767904141046 0.0032810152104542053
41.98781956440396 -0.07178600126318677 0.003275598679810729
41.989906389172646 -0.06993662747417012 0.0032701152761506484
41.99199321394133 -0.06808045974216764 0.0032645618214381124
41.99408003871001 -0.06621839943607193 0.0032589351086121966
41.99616686347869 -0.06435134727392769 0.0032532319041144574
41.99825368824738 -0.062480203369500505 0.0032474489503286695
42.00034051301606 -0.06060586727741308 0.0032415829679325265
42.002427337784745 -0.05872923803673709 0.003235630658160571
42.00451416255343 -0.056851214213159425 0.003229588704978355
42.006600987322116 -0.05497269393961278 0.0032234537771671902
42.0086878120908 -0.0530945749554396 0.003217222530319388
42.01077463685948 -0.05121775464398059 0.0032108916087433717
42.01286146162816 -0.049343130068709065 0.0032044576472787796
42.01494828639685 -0.047471598007803144 0.0031979172730209416
42.017035111165534 -0.045604054987226236 0.003191267106954702
42.019121935934216 -0.043741397312208746 0.0031845037654969536
42.021208760702905 -0.041884521097245865 0.0031776238619479593
42.02329558547159 -0.040034322294548626 0.003170624007850987
42.02538241024027 -0.03819169672088508 0.0031635008142596216
42.02746923500895 -0.036357540082925556 0.0031562508929128307
42.02955605977764 -0.034532748000984125 0.00314887085731694
42.03164288454632 -0.032718216031223386 0.0031413573237343054
42.033729709315004 -0.030914839686215126 0.0031337069120776955
42.035816534083686 -0.02912351445397168 0.0031259162467102497
42.037903358852375 -0.027345135815337936 0.003117981957149858
42.03999018362106 -0.021763993768690627 0.002078965387179717
42.04207700838974 -0.0204841797068598 0.0020780226978879793
42.04416383315842 -0.019185221373661653 0.0020767081135058527
42.04625065792711 -0.017868949149236375 0.0020750316257790763
42.04833748269579 -0.01653690682275713 0.002073004104808471
42.050424307464475 -0.015190263132616035 0.002070637927126308
42.05251113223316 -0.013829831363388537 0.002067945970701338
42.054597957001846 -0.012456104464254712 0.0020649414882122643
42.05668478177053 -0.01106951390767821 0.0020616373951687634
42.05877160653921 -0.009670444082513587 0.002058046263667268
42.06085843130789 -0.00825923570189526 0.002054180345334937
42.06294525607658 -0.006836188961302278 0.002050051592502883
42.06503208084526 -0.005401566470962673 0.002045671677776306
42.067118905613945 -0.003955595984184284 0.0020410520121518874
42.06920573038263 -0.002498472941209314 0.0020362037618183683
42.07129255515132 -0.0010303628460944158 0.002031137863762483
42.07337937992 0.00044859650745368384 0.0020258650402910677
42.07546620468868 0.001938292947019278 0.0020203958125692948
42.07755302945737 0.003438637956113729 0.0020147405132662694
42.07963985422605 0.0049495648207825765 0.0020089092983905134
42.081726678994734 0.0064710268775569485 0.002002912158390409
42.083813503763416 0.008002995852964307 0.001996758928588646
42.085900328532105 0.009545460285883118 0.0019904592990131337
42.08798715330079 0.01109842402468979 0.001984022823682083
42.09007397806947 0.012661904792027263 0.00197745892939562
42.09216080283815 0.014235932810508195 0.0019707769240827865
42.09424762760684 0.015820549483472217 0.0019639860047481143
42.09633445237552 0.017415806125339682 0.00195709526505908
42.098421277144205 0.019021762736784898 0.0019501137026119095
42.10050810191289 0.02063848682025384 0.0019430502259111377
42.102594926681576 0.022266052232013545 0.0019359136610948018
42.10468175145026 0.02390453806721177 0.0019287127584353627
42.10676857621894 0.025554027575004596 0.0019214561986434884
42.10885540098762 0.027214607101019216 0.0019141525990005583
42.11094222575631 0.02888636505501652 0.0019068105193428822
42.11302905052499 0.030569390901851123 0.001899438467919396
42.115115875293675 0.032263774174368896 0.0018920449071420451
42.11720270006236 0.03396960350705848 0.0018846382592472366
42.119289524831046 0.035686965689859074 0.0018772269118840516
42.12137634959973 0.03741594474174847 0.0018698192236439126
42.12346317436841 0.039156621004284006 0.0018624235295439924
42.12554999913709 0.04090907025544826 0.0018550481464757753
42.12763682390578 0.042673362844757805 0.00184770137862758
42.129723648674464 0.04444956285082944 0.0018403915228886727
42.131810473443146 0.046237727263173545 0.0018331268742401079
42.133897298211835 0.04803790519018703 0.0018259157311363288
42.13598412298052 0.0498501370959038 0.0018187664008788727
42.1380709477492 0.05167445406848525 0.0018116872049814517
42.14015777251788 0.053510877123683985 0.001804686484524159
42.14224459728657 0.05535941654715149 0.0017977726054914506
42.14433142205525 0.05722007127970516 0.0017909539640868315
42.146418246823934 0.05909276522505342 0.0017842387131827388
42.148505071592616 0.06097702478862302 0.0017776333505511695
42.150591896361306 0.06287218935727486 0.0017711436059415439
42.15267872112999 0.06477721557243855 0.0017647729031405389
42.15476554589867 0.06669080141290266 0.0017585231805072206
42.15685237066735 0.06861163061331418 0.00175239647387683
42.15893919543604 0.07053837763167492 0.0017463949525654348
42.16102602020472 0.07246970812504351 0.001740520924960024
42.163112844973405 0.07440427948605358 0.0017347768429336516
42.16519966974209 0.07634074144295261 0.0017291653050109004
42.167286494510776 0.07827773672590761 0.0017236890582071848
42.16937331927946 0.08021390180189387 0.0017183509984656962
42.17146014404814 0.08214786768037065 0.0017131541696158274
42.17354696881682 0.0840782607913557 0.0017081017607790854
42.17563379358551 0.08600370393733849 0.0017031971021503386
42.17772061835419 0.08792281731981512 0.0016984436590863662
42.179807443122876 0.08983421964088152 0.0016938450244379836
42.18189426789156 0.09173652927949287 0.001689404909068666
42.18398109266025 0.09362836554158019 0.0016851271305093197
42.18606791742893 0.0955083499823238 0.0016810155997080227
42.18815474219761 0.09737510779829651 0.0016770743058432157
42.19024156696629 0.0992272728362613 0.0016733072560703493
42.19232839173498 0.10106378437580452 0.00166971486409277
42.194415216503664 0.102884112369545 0.0016662911696309751
42.196502041272346 0.10468779134203182 0.0016630294652965419
42.198588866041035 0.10647436733946194 0.0016599229314207924
42.20067569080972 0.10824339689914807 0.001656964640429984
42.2027625155784 0.10999444602296853 0.001654147561343894
42.20484934034708 0.11172708916026498 0.0016514645643610007
42.20693616511577 0.11344090820555053 0.0016489084254936446
42.20902298988445 0.11513549151587757 0.0016464718312176358
42.211109814653135 0.11681043295251173 0.001644147383101535
42.21319663942182 0.11846533095096369 0.0016419276023824428
42.215283464190506 0.12009978762324354 0.0016398049344562167
42.21737028895919 0.12171340789563538 0.0016377717532518727
42.21945711372787 0.12330579868504221 0.0016358203654614361
42.22154393849655 0.1248765681163451 0.0016339430145985497
42.22363076326524 0.12642532478302232 0.0016321318848607623
42.22571758803392 0.12795167705273264 0.0016303791047725317
42.227804412802605 0.12945523241933884 0.0016286767505876761
42.22989123757129 0.13093559690229978 0.0016270168494321618
42.23197806233998 0.13239237449420513 0.0016253913821697252
42.23406488710866 0.1338251666567606 0.001623792285974809
42.23615171187734 0.13523357186537197 0.0016222114565988541
42.23823853664602 0.13661718520201835 0.0016206407503178172
42.24032536141471 0.1379755979960305 0.0016190719855501004
42.242412186183394 0.13930839751202112 0.0016174969441356498
42.244499010952076 0.14061516999318754 0.0016159073656196415
42.246585835720765 0.14189569015437 0.0016142945671015587
42.24867266048945 0.14315002318383993 0.0016126492407189674
42.25075948525813 0.14437830885665515 0.0016109625148939364
42.25284631002681 0.14558110935594437 0.0016092294229314136
42.2549331347955 0.1467591798784714 0.0016074468510013534
42.25701995956418 0.14791327331273568 0.001605611769622856
42.259106784332864 0.14904413974451255 0.0016037212319419025
42.26119360910155 0.1501525270026985 0.0016017723802521898
42.263280433870236 0.15123918120044602 0.0015997624512292313
42.26536725863892 0.1523048472719298 0.0015976887798538585
42.2674540834076 0.15335022989836586 0.0015955500437650275
42.26954090817628 0.15437584505035998 0.0015933509455619912
42.27162773294497 0.15538215453456294 0.0015910980233711431
42.27371455771365 0.15636962266303472 0.0015887978772934144
42.275801382482335 0.15733871615608516 0.0015864571709319974
42.27788820725102 0.15828990404783205 0.0015840826323917972
42.279975032019706 0.1592236576037814 0.0015816810544339833
42.28206185678839 0.1601404502497092 0.0015792592937799
42.28414868155707 0.16104075751121769 0.001576824269557573
42.28623550632575 0.1619250569632305 0.0015743829608835336
42.28832233109444 0.16279382818880478 0.0015719424035716503
42.290409155863124 0.16364755274655066 0.001569509685960138
42.292495980631806 0.16448671414603228 0.0015670919438469926
42.29458280540049 0.16531179783041253 0.0015646963545237202
42.29666963016918 0.16612329116571117 0.0015623301298963003
42.29875645493786 0.16692168343596137 0.0015600005086819392
42.30084327970654 0.16770746584362936 0.0015577147476694092
42.30293010447522 0.16848113151456523 0.001555480112030503
42.30501692924391 0.16924317550685936 0.0015533038646694149
42.307103754012594 0.1699940948229106 0.001551193254596624
42.309190578781276 0.17073438842410493 0.0015491555043133155
42.311277403549965 0.17146455724742862 0.0015471977961923047
42.31336422831865 0.1721851042234434 0.001545327257841001
42.31545105308733 0.17289653429508228 0.00154355094643178
42.31753787785601 0.17359935443669428 0.001541875831985245
42.3196247026247 0.174294073672907 0.0015403087795915807
42.32171152739338 0.1749812030968622 0.001538856530555485
42.323798352162065 0.17566125588751344 0.001537525682450141
42.32588517693075 0.1763347473256673 0.0015363226680661327
42.327972001699436 0.17700219480861634 0.001535253733241364
42.33005882646812 0.177664117863243 0.0015343249135586089
42.3321456512368 0.17832103815763636 0.0015335420098977232
42.33423247600548 0.17897347951129353 0.00153291056283031
42.33631930077417 0.17962196790417292 0.0015324358258452164
42.33840612554285 0.180267031484928 0.001532122737394106
42.340492950311535 0.180909200578836 0.0015319758917472044
42.34257977508022 0.1815490152650492 0.0015319992271459653
42.34466659984891 0.18218711477235977 0.0015321925624578066
42.34675342461759 0.18282408992223512 0.0015325563938859209
42.34884024938627 0.18346046905188712 0.0015330928714050057
42.35092707415495 0.18409670776823728 0.0015338028264729943
42.35301389892364 0.18473292713898004 0.0015346809612206025
42.355100723692324 0.18536914127634904 0.0015357201130092623
42.357187548461006 0.1860053594732483 0.0015369131859192557
42.35927437322969 0.1866415864751759 0.0015382531933113837
42.36136119799838 0.1872778227320752 0.0015397332980820308
42.36344802276706 0.18791406465896918 0.001541346851109097
42.36553484753574 0.18855030490336944 0.0015430874278004728
42.36762167230443 0.18918653261765328 0.0015449488626491617
42.36970849707311 0.18982273373494196 0.0015469252816928912
42.371795321841795 0.1904588912472853 0.0015490111327707055
42.37388214661048 0.19109498548516027 0.0015512012134644999
42.375968971379166 0.1917309943976202 0.0015534906966104293
42.37805579614785 0.1923668938326045 0.0015558751532627863
42.38014262091653 0.19300265781719894 0.0015583505729921448
42.38222944568521 0.1936382588377577 0.0015609133813994625
42.3843162704539 0.1942736681200526 0.0015635604547295182
42.38640309522258 0.1949088559097121 0.0015662891314694649
42.388489919991265 0.19554379175340572 0.0015690972208224595
42.39057674475995 0.19617844478126342 0.0015719830079512559
42.39266356952864 0.19681278399118715 0.0015749452558935396
42.39475039429732 0.19744677853571732 0.0015779832040584757
42.396837219066 0.1980803980122258 0.0015810965632235177
42.39892404383468 0.19871361275715588 0.0015842855069608374
42.40101086860337 0.19934639414511457 0.0015875506594351368
42.403097693372054 0.19997871489355606 0.0015908930795276862
42.405184518140736 0.2006105493738283 0.0015943142412564067
42.40727134290942 0.201241873929241 0.0015978160104773362
42.40935816767811 0.20187266720083863 0.0016014006178703335
42.41144499244679 0.202502910461442 0.0016050706282297426
42.41353181721547 0.2031325879585104 0.0016088289061002895
42.41561864198415 0.2037616872662247 0.001612678577818109
42.41770546675284 0.20439019849978055 0.0016166230031687834
42.419792291521524 0.20501796572250894 0.0016206674324485847
42.42187911629021 0.20564454040801555 0.0016248206215395476
42.423965941058896 0.20626944490209584 0.001629091760513588
42.42605276582758 0.20689220685486 0.0016334900335169846
42.42813959059626 0.2075123584047092 0.0016380245803846512
42.43022641536494 0.20812943534316428 0.001642704456379006
42.43231324013363 0.2087429762594058 0.001647538590290909
42.43440006490231 0.20935252166380142 0.0016525357411483065
42.436486889670995 0.20995761309024125 0.0016577044537860095
42.43857371443968 0.2105577921775292 0.0016630530135353897
42.440660539208366 0.21115259973064354 0.0016685894002975794
42.44274736397705 0.21174157489053397 0.001674321180827861
42.44483418874573 0.2123242645988988 0.0016802503835627953
42.44692101351441 0.21290022999337427 0.0016863696452013026
42.4490078382831 0.21346902857888905 0.001692670244501651
42.451094663051784 0.2140302779761229 0.0016991441245251416
42.453181487820466 0.2145838081323265 0.0017057864377695718
42.45526831258915 0.21512948812371896 0.0017125927234800105
42.45735513735784 0.21566718152943226 0.0017195582191791843
42.45944196212652 0.21619674676159878 0.0017266779126045868
42.4615287868952 0.21671803741328272 0.0017339465909706226
42.46361561166388 0.21723090262400013 0.0017413588874386262
42.46570243643257 0.2177351874624508 0.0017489093247079572
42.467789261201254 0.21823073332588572 0.0017565923556685011
42.469876085969936 0.21871737835544786 0.0017644024010814692
42.47196291073862 0.21919495786664422 0.001772333884278271
42.47404973550731 0.21966330479407561 0.001780381262889848
42.47613656027599 0.22012225014942055 0.001788539057637649
42.47822338504467 0.2205716234916479 0.0017968018782355316
42.480310209813354 0.22101125340832242 0.0018051644464661173
42.48239703458204 0.22144096800688187 0.0018136216165092285
42.484483859350725 0.22186059541468786 0.0018221683926103942
42.48657068411941 0.22226996428667026 0.001830799944187385
42.488657508888096 0.22266890431931735 0.0018395116184791323
42.49074433365678 0.22305724676979463 0.0018482989508478505
42.49283115842546 0.22343482497896996 0.0018571576728493334
42.49491798319414 0.22380154870608496 0.001866082916684118
42.49700480796283 0.22415773980381598 0.001875065570269319
42.49909163273151 0.2245038666294511 0.0018840951476186525
42.501178457500195 0.22484040413029974 0.0018931613076183765
42.50326528226888 0.22516783344094737 0.001902253859844458
42.50535210703757 0.2254866415897868 0.0019113627677343405
42.50743893180625 0.22579732118961024 0.0019204781505397694
42.50952575657493 0.226100370114328 0.0019295902841042504
42.51161258134361 0.22639629116374285 0.001938689600505087
42.5136994061123 0.22668559171824323 0.0019477666865985916
42.515786230880984 0.2269687833851333 0.001956812281503796
42.517873055649666 0.22724638163823865 0.0019658172730585397
42.51995988041835 0.22751890545226985 0.001974772693278477
42.52204670518704 0.2277868769333507 0.0019836697128484742
42.52413352995572 0.22805082094697668 0.0019924996346729756
42.5262203547244 0.22831126474458946 0.0020012538865107287
42.52830717949308 0.2285687375898105 0.0020099240127162974
42.53039400426177 0.2288237703853158 0.0020185016651100085
42.532480829030455 0.22907689530121117 0.002026978592995376
42.53456765379914 0.2293286454057055 0.002035346632342144
42.536654478567826 0.22957955429876914 0.00204359769415043
42.53874130333651 0.22983015574941307 0.0020517237520106396
42.54082812810519 0.23008098333715954 0.002059716828872261
42.54291495287387 0.2303325740032462 0.0020675698648032837
42.54500177764256 0.2305854953653898 0.002075283013162531
42.54708860241124 0.23084032778533117 0.0020828597984591437
42.549175427179925 0.23109764795597354 0.002090303543660657
42.55126225194861 0.23135793199246246 0.0020976169366941156
42.553349076717296 0.23162143651141917 0.0021048015239800485
42.55543590148598 0.23188838546813473 0.002111858479930115
42.55752272625466 0.23215899976170193 0.0021187887208646734
42.55960955102334 0.23243349789532408 0.0021255928961549132
42.56169637579203 0.2327120966637943 0.002132271377372952
42.563783200560714 0.2329950118691116 0.0021388242454499816
42.565870025329396 0.2332824590653954 0.0021452512758314505
42.56795685009808 0.23357465433442873 0.0021515519216057204
42.57004367486677 0.23387180606627028 0.0021577257473562724
42.57213049963545 0.23417395433404126 0.0021637805676786664
42.57421732440413 0.23448099024720018 0.002169731738782474
42.57630414917281 0.23479280310998019 0.002175594897252293
42.5783909739415 0.2351092857255943 0.002181385720755635
42.580477798710184 0.23543033434024607 0.0021871199541515134
42.582564623478866 0.2357558485729254 0.0021928134343385435
42.58465144824755 0.23608573132942443 0.0021984821138354978
42.58673827301624 0.23641988869919178 0.002204142083071325
42.58882509778492 0.23675822983375286 0.0022098095913453196
42.5909119225536 0.237100666805592 0.002215501066403934
42.592998747322284 0.23744711444648894 0.0022212331325662067
42.59508557209097 0.23779749016448423 0.0022270226273178304
42.597172396859655 0.23815171373875552 0.002232886616281812
42.59925922162834 0.23850970709187486 0.0022388424064640634
42.601346046397026 0.23887139403902888 0.0022449075576628946
42.60343287116571 0.23923670001398384 0.0022510998919248884
42.60551969593439 0.23960555177175313 0.0022574375009244774
42.60760652070307 0.2399778770680736 0.0022639387511408176
42.60969334547176 0.240353604316035 0.002270622286705368
42.61178017024044 0.24073266222037346 0.002277507029794526
42.613866995009126 0.24111497939018933 0.0022846121784464296
42.61595381977781 0.24150048393101903 0.0022919572016871304
42.6180406445465 0.24188910301746622 0.0022995618318619906
42.62012746931518 0.24228076244778446 0.0023074460540803312
42.62221429408386 0.24267538618207674 0.0023156300926979573
42.62430111885254 0.24307289586595346 0.0023241343947802136
42.62638794362123 0.24347321034176733 0.0023329796105111423
42.628474768389914 0.2438762451497221 0.002342186570538411
42.630561593158596 0.2442819120213956 0.002351776260272041
42.63264841792728 0.24469011836836277 0.0023617697911838824
42.63473524269597 0.24510076676882275 0.0023721883691878998
42.63682206746465 0.2455137544552473 0.0023830532602141918
42.63890889223333 0.24592897280622836 0.002394385753125485
42.64099571700201 0.24634630655835174 0.002406207091027655
42.6430825417707 0.2467655967209356 0.0024185347395998583
42.645169366539385 0.24718660384198488 0.002431378813363939
42.64725619130807 0.24760896301132837 0.002444741848742095
42.64934301607675 0.24803205541781045 0.0024586108758407905
42.65142984084544 0.24845530503430777 0.002472971029925405
42.65351666561412 0.24887825811471653 0.0024878079316242407
42.6556034903828 0.24930046929654873 0.0025031070988416958
42.657690315151484 0.2497214922134902 0.002518853916176885
42.65977713992017 0.25014088062188194 0.00253503365989112
42.661863964688855 0.2505581894348598 0.002551631521570806
42.66395078945754 0.25097297566287874 0.0025686326303493343
42.66603761422623 0.25138479926015694 0.002586022073566017
42.66812443899491 0.2517932238773997 0.0026037849157587306
42.67021126376359 0.2521978175218772 0.0026219062159045766
42.67229808853227 0.2525981531265281 0.0026403710428386518
42.67438491330096 0.25299380903037383 0.0026591644888002784
42.676471738069644 0.2533843693729714 0.0026782716810709213
42.678558562838326 0.2537694244060831 0.0026976777916854306
42.68064538760701 0.25414857072603125 0.0027173680452106837
42.6827322123757 0.2545214114305269 0.00273732772460145
42.68481903714438 0.2548875562039332 0.002757542175153778
42.68690586191306 0.25524662133510984 0.0027779968065889584
42.68899268668174 0.255598229672041 0.0027986770933082893
42.69107951145043 0.255942010517541 0.0028195685728695254
42.693166336219114 0.25627759947031187 0.002840656842740884
42.6952531609878 0.2566046382156293 0.002861927555396117
42.69733998575648 0.25692277426983495 0.002883366411815997
42.69942681052517 0.25723166068277165 0.0029049591534674535
42.70151363529385 0.2575309557021568 0.0029266915528317907
42.70360046006253 0.25782032240379976 0.0029485494025567444
42.705687284831214 0.2580994282913915 0.002970518503304862
42.7077741095999 0.2583679448694874 0.002992584650372907
42.709860934368585 0.2586255471931238 0.003014733619153813
42.71194775913727 0.2588719133973768 0.0030369511495130425
42.714034583905956 0.25910672420998593 0.003059222929146305
42.71612140867464 0.2593296624500338 0.003081534575984922
42.71820823344332 0.25954041251552334 0.0031038716197120133
42.720295058212 0.2597386598625203 0.003126219482447045
42.72238188298069 0.2599242010819158 0.0031485648901234545
42.724468707749374 0.26009754106031563 0.003170903557836966
42.726555532518056 0.2602594624167801 0.0031932345317905956
42.72864235728674 0.26041074654714746 0.003215556543669124
42.73072918205543 0.26055217324063745 0.0032378679838999747
42.73281600682411 0.2606845209036263 0.0032601668824482804
42.73490283159279 0.2608085667108787 0.003282450888269161
42.73698965636147 0.26092508668669107 0.0033047172473805357
42.73907648113016 0.26103485571802165 0.0033269627795139587
42.741163305898844 0.2611386480582029 0.0033491850136030035
42.743250130667526 0.26123724086947353 0.0033713922274738795
42.74533695543621 0.2613314083916021 0.0033935987448441827
42.7474237802049 0.2614219178870787 0.0034158188797725215
42.74951060497358 0.26150952830268853 0.0034380668653350046
42.75159742974226 0.26159496270426147 0.003460355978618055
42.753684254510944 0.26167890663580706 0.0034826985250632856
42.75577107927963 0.2617620370507999 0.0035051068329997087
42.757857904048315 0.26184502368607665 0.003527593333097912
42.759944728817 0.26192852896356417 0.003550170587412786
42.76203155358568 0.26201320789650606 0.0035728513168825277
42.76411837835437 0.26209970800306315 0.0035956484273101407
42.76620520312305 0.26218866923027245 0.003618575033841111
42.76829202789173 0.2622807238914348 0.0036416444839436884
42.770378852660414 0.2623764966200304 0.0036648703788869814
42.7724656774291 0.2624766043432736 0.003688266593707357
42.774552502197785 0.2625816562783737 0.0037118472956447902
42.77663932696647 0.26269225395450496 0.0037356269610273603
42.77872615173516 0.2628089912633635 0.003759620390574403
42.78081297650384 0.2629324545410556 0.0037838427230871803
42.78289980127252 0.2630632226838744 0.003808309447492875
42.7849866260412 0.26320186730029327 0.0038330364132033693
42.78707345080989 0.2633489529012678 0.0038580398387519092
42.789160275578574 0.26350503713063517 0.0038833363186682665
42.791247100347256 0.26367067103709974 0.003908942828556056
42.79333392511594 0.26384639938892823 0.003934876728334534
42.79542074988463 0.2640327610321222 0.003961155763612953
42.79750757465331 0.2642302621646806 0.003987798043823489
42.79959439942199 0.2644387686145168 0.004014821562286782
42.80168122419067 0.2646575047305369 0.004042244194798905
42.80376804895936 0.26488567138764985 0.004070084180769036
42.805854873728045 0.2651224750762414 0.004098360137159379
42.80794169849673 0.2653671283690094 0.004127091047836329
42.81002852326541 0.2656188503596727 0.004156296250879997
42.8121153480341 0.26587686707077224 0.004185995423874946
42.81420217280278 0.2661404118278901 0.004216208567213124
42.81628899757146 0.26640872559781853 0.004246955985454109
42.818375822340144 0.2666810572883801 0.004278258266795911
42.82046264710883 0.26695666400787305 0.004310136260725104
42.822549471877515 0.2672348112823547 0.004342611053924226
42.8246362966462 0.2675147732292943 0.004375703944529393
42.82672312141489 0.26779583268640417 0.004409436414839003
42.82880994618357 0.26807728129482117 0.004443830102588897
42.83089677095225 0.26835841953615097 0.004478906770920386
42.83298359572093 0.268638556723226 0.004514688277174603
42.83507042048962 0.26891701094482134 0.004551196540660171
42.837157245258304 0.26919310896491533 0.00458845350954648
42.839244070026986 0.26946618650936044 0.004626481101455288
42.84133089479567 0.2697356819622852 0.004665295576932153
42.84341771956436 0.2700012526479856 0.00470490038938511
42.84550454433304 0.2702625900417123 0.00474529694332797
42.84759136910172 0.27051939000803016 0.00478648632004947
42.8496781938704 0.27077134995761476 0.0048284693779388444
42.85176501863909 0.27101814013132236 0.00487124786462661
42.853851843407774 0.2712594107858332 0.004914824127957449
42.85593866817646 0.2714948135049685 0.004959200279582781
42.85802549294514 0.27172400119640094 0.005004378193678277
42.86011231771383 0.27194662762157323 0.0050503595257574375
42.86219914248251 0.27216234698843683 0.005097145730778407
42.86428596725119 0.27237081360494475 0.005144738080511978
42.866372792019874 0.27257168159096484 0.005193137680140302
42.86845961678856 0.2727646046461056 0.005242345484068198
42.870546441557245 0.27294923587075837 0.005292362310930791
42.87263326632593 0.27312522823295976 0.005343188858706971
42.87472009109461 0.2732925168412222 0.005394826151868092
42.8768069158633 0.27345176942971816 0.005447276244106062
42.87889374063198 0.27360376765304434 0.005500541277066278
42.88098056540066 0.27374928938846266 0.0055546233102142075
42.883067390169344 0.27388910894211976 0.00560952433118087
42.885154214938034 0.27402399724357335 0.005665246265215688
42.887241039706716 0.27415472202849384 0.005721790983773034
42.8893278644754 0.27428204800952116 0.005779160312266341
42.89141468924409 0.274406737035326 0.005837356037018767
42.89350151401277 0.27452954823802006 0.005896379911446153
42.89558833878145 0.27465123816913195 0.005956233661509175
42.89767516355013 0.2747725609244189 0.006016918990466744
42.89976198831882 0.274894268257858 0.006078437582970048
42.901848813087504 0.27501710968519955 0.006140791108531114
42.903935637856186 0.27514183257752206 0.006203981224405497
42.90602246262487 0.27526918224524893 0.006268009577920727
42.90810928739356 0.27539990201313347 0.006332877808289266
42.91019611216224 0.27553473328673317 0.006398587547937983
42.91228293693092 0.27567441561092243 0.006465140423391492
42.914369761699604 0.27581968672099205 0.006532538055737668
42.91645658646829 0.27597128258691 0.006600782060710677
42.918543411236975 0.27612993745130454 0.006669874048419306
42.92063023600566 0.2762963838617481 0.006739815622753604
42.92271706077434 0.2764713526978969 0.0068106083804933045
42.92480388554303 0.2766555731940497 0.006882253910148404
42.92689071031171 0.276849772957666 0.006954753790554457
42.92897753508039 0.2770546779843852 0.007028109589250527
42.931064359849074 0.27727101267005205 0.007102322860657615
42.93315118461776 0.27749949982025446 0.00717739514408279
42.935238009386445 0.2777408606578449 0.007253327961566113
42.93732483415513 0.2779958148289158 0.00733012281559314
42.93941165892381 0.27826504563707616 0.007407781976257558
42.9414984836925 0.27854884128820645 0.00748631661661995
42.94358530846118 0.27884723847864645 0.007565743521597476
42.94567213322986 0.27916026650736264 0.007646079533613906
42.947758957998545 0.2794879509516375 0.007727341466918908
42.949845782767234 0.2798302630541559 0.007809543156008296
42.951932607535916 0.2801868011315669 0.00789267548255185
42.9540194323046 0.2805569965700016 0.007976718656426416
42.95610625707329 0.2809402771926123 0.008061652963928084
42.95819308184197 0.2813360682544896 0.008147458830280991
42.96027990661065 0.2817437927299669 0.008234116813791053
42.96236673137933 0.28216287160859216 0.008321607596079035
42.96445355614802 0.28259272419874976 0.008409911968761626
42.966540380916705 0.2830327684380301 0.00849901081692004
42.96862720568539 0.2834824212096054 0.00858888509968315
42.97071403045407 0.2839410986639204 0.00867951582822059
42.97280085522276 0.28440821654513515 0.008770884041431731
42.97488767999144 0.2848831905217757 0.008862970779588124
42.97697450476012 0.2853654365211401 0.00895575705617642
42.979061329528804 0.28585437106697936 0.00904922382815907
42.98114815429749 0.2863494116200598 0.009143351964863615
42.983234979066175 0.2868499769211784 0.00923812221568561
42.98532180383486 0.287355487336264 0.0093335151767831
42.98740862860354 0.2878653652031391 0.00942951125691379
42.98949545337223 0.28837903517958313 0.009526090642563129
42.99158227814091 0.28889592459228614 0.009623233262488963
42.99366910290959 0.2894154637863354 0.009720918751804749
42.995755927678275 0.2899370864748064 0.00981912641569953
42.997842752446964 0.29046023008809513 0.009917835192893363
42.999929577215646 0.2909843361225767 0.01001702361890717
43.00201640198433 0.29150885048822334 0.010116669789225395
43.00410322675302 0.2920332238547531 0.010216751322408853
43.0061900515217 0.292556911995933 0.010317245323215856
43.00827687629038 0.2930793761316603 0.010418128345781718
43.01036370105906 0.29360008326740156 0.010519376356889407
43.01245052582775 0.29411850653063465 0.010620964699369092
43.014537350596434 0.29463412550389617 0.010722868055647799
43.016624175365116 0.29514642655409373 0.010825060411473878
43.0187110001338 0.2956549031576851 0.010927515019822401
43.02079782490249 0.2961590562214019 0.01103020436499441
43.02288464967117 0.2966583943981533 0.011133100126907821
43.02497147443985 0.29715242693956717 0.011236173631982246
43.027058299208534 0.29764044879341983 0.011339409851408978
43.02914512397722 0.29812150575157564 0.011442809656955944
43.031231948745905 0.298594633463389 0.011546374233168838
43.03331877351459 0.29905887105888707 0.011650104196760366
43.03540559828327 0.29951326088179264 0.011753999623225547
43.03749242305196 0.29995684872132117 0.01185806007149817
43.03957924782064 0.30038888184391865 0.011962284500616295
43.04166607258932 0.30080911531477433 0.01206667112884957
43.043752897358004 0.3012173774393282 0.012171217690821978
43.04583972212669 0.3016134881191319 0.01227592150097639
43.047926546895376 0.30199725820814005 0.012380779471909579
43.05001337166406 0.3023685050040132 0.012485802129738773
43.05210019643274 0.30272712673123114 0.012591078645149717
43.05418702120143 0.3030730448005007 0.012696726757403997
43.05627384597011 0.3034061710554311 0.012802865685617778
43.05836067073879 0.3037264058898399 0.01290961612248039
43.060447495507475 0.3040336363954331 0.013017100222974429
43.062534320276164 0.30432773450506373 0.013125441561039767
43.064621145044846 0.30460855512993656 0.013234765055093536
43.06670796981353 0.30487593429042137 0.013345196863415381
43.06879479458222 0.30512968724139056 0.013456864250511213
43.0708816193509 0.30536960659430673 0.013569895425721639
43.07296844411958 0.3055954604395709 0.013684419355505193
43.07505526888826 0.30580699047387633 0.01380056555099559
43.07714209365695 0.306003910138573 0.013918463832637047
43.079228918425635 0.30618590277620117 0.01403824407388832
43.08131574319432 0.30635261981347583 0.014160035926196282
43.083402567963 0.30650367898000275 0.014283968527620126
43.08548939273169 0.3066386625729389 0.014410170197687398
43.08757621750037 0.30675711577857934 0.01453876812122303
43.08966304226905 0.3068585450625091 0.014669888024056462
43.091749867037734 0.30694241664042377 0.014803653843624648
43.09383669180642 0.307008155042045 0.014940187397604282
43.095923516575105 0.30705514178066895 0.015079608053762421
43.09801034134379 0.3070827141408169 0.015222032404260065
43.10009716611247 0.3070901644817273 0.015367573989499646
43.10218399088116 0.30707727493964887 0.015516401156489605
43.10427081564984 0.3070454145720383 0.01566885581065431
43.10635764041852 0.3069962924757374 0.015825317279787324
43.108444465187205 0.3069316764741066 0.01598617099115844
43.110531289955894 0.3068534025852615 0.016151808710753966
43.112618114724576 0.3067633833875555 0.016322628643084838
43.11470493949326 0.3066636151959133 0.016499035386398964
43.11679176426195 0.30655618396101064 0.016681439738675228
43.11887858903063 0.3064432698067489 0.01687025835087647
43.12096541379931 0.3063271501299168 0.017065913225516736
43.12305223856799 0.3062102011991442 0.01726883106060158
43.12513906333668 0.3060948982078674 0.017479442441424735
43.127225888105365 0.30598381375754213 0.0176981808853895
43.12931271287405 0.30587961477207604 0.017925481747950976
43.13139953764273 0.3057850578716135 0.018161781000753954
43.13348636241142 0.30570298326241163 0.01840751389605104
43.1355731871801 0.30563630722861984 0.018663113534306188
43.13766001194878 0.36057948932483636 0.002299569312819984
43.139746836717464 0.3604233467166198 0.0023842307737622225
43.14183366148615 0.3603036905668682 0.0024634981946613484
43.143920486254835 0.3602192393805073 0.0025376875025322444
43.14600731102352 0.3601687820322414 0.0026070908981311977
43.1480941357922 0.360151160260988 0.0026719796185993346
43.15018096056089 0.36016524109503467 0.002732605645628941
43.15226778532957 0.360209873396638 0.00278920182692983
43.15435461009825 0.36028391980751795 0.0028419862922694577
43.156441434866935 0.3603862608732218 0.0028911652074573744
43.158528259635624 0.3605157892056787 0.002936934677349333
43.160615084404306 0.3606714052537341 0.002979482484869539
43.16270190917299 0.3608520146156716 0.003018989679712502
43.16478873394167 0.3610565267990717 0.0030556320279332277
43.16687555871036 0.3612838553073941 0.003089581331588663
43.16896238347904 0.3615329189106085 0.0031210066259218573
43.17104920824772 0.36180264394002254 0.0031500752602814995
43.173136033016405 0.3620919674356146 0.003176953868000287
43.175222857785094 0.36239984096799366 0.0032018092297971907
43.177309682553776 0.36272516398528476 0.0032248079637720462
43.17939650732246 0.3630662662266239 0.0032461094383308578
43.18148333209115 0.36342128539417445 0.0032658723199923433
43.18357015685983 0.36378850913566907 0.0032842601880409615
43.18565698162851 0.3641663804144939 0.0033014418606737597
43.187743806397194 0.36455349607820536 0.0033175915220054297
43.18983063116588 0.36494860225810777 0.003332888721425475
43.191917455934565 0.3653505873951231 0.003347518271543068
43.19400428070325 0.36575847356940594 0.0033616700671050153
43.19609110547193 0.3661714066937869 0.003375538843526756
43.19817793024062 0.36658864602127106 0.003389323890226275
43.2002647550093 0.36700955331830465 0.003403228730888882
43.20235157977798 0.3674335819702719 0.003417460780161094
43.204438404546664 0.3678602662138265 0.0034322309840648726
43.20652522931535 0.3682892106316438 0.0034477534496156546
43.208612054084035 0.36872007999757717 0.003464245067668163
43.21069887885272 0.3691525895226094 0.0034819251318581046
43.2127857036214 0.369586495522674 0.0035010149555983923
43.21487252839009 0.3700215865070194 0.0035217374883843144
43.21695935315877 0.37045767466871377 0.003544316932112388
43.21904617792745 0.370894587746083 0.003568978357691653
43.221133002696135 0.37133216121409746 0.003595947321883686
43.223219827464824 0.3717702307572955 0.003625449484031439
43.225306652233506 0.372208624969787 0.003657710222094953
43.22739347700219 0.37264715822280814 0.003692954247195639
43.22948030177087 0.3730856236354668 0.003731405215654006
43.23156712653956 0.3735237860795223 0.0037732853372896068
43.23365395130824 0.3739613751436747 0.0038188149785118573
43.23574077607692 0.3743980780173773 0.0038682122585709743
43.237827600845606 0.3748335796181512 0.003921692753646187
43.239914425614295 0.3752676449767693 0.003979469289654779
43.24200125038298 0.3756999954894826 0.004041751214684003
43.24408807515166 0.37613027629756546 0.0041087438875814794
43.24617489992035 0.37655804872355836 0.004180648209356929
43.24826172468903 0.3769827818284413 0.004257660134336921
43.25034854945771 0.3774038435652578 0.0043399722502964165
43.252435374226394 0.3778204966366998 0.004427776773435756
43.25452219899508 0.37823228178274587 0.004521267605041735
43.256609023763765 0.3786391810446312 0.004620642351057285
43.25869584853245 0.3790411638131148 0.004726094979157147
43.26078267330113 0.379438167295977 0.004837815523193068
43.26286949806982 0.3798301112705424 0.0049559903781168785
43.2649563228385 0.3802169129832401 0.005080802633980759
43.26704314760718 0.3805985023522179 0.005212432455634795
43.269129972375865 0.3809748375642345 0.005351057513206107
43.271216797144554 0.38134592109274495 0.005496853466829107
43.273303621913236 0.38171181609847304 0.0056499945072956154
43.27539044668192 0.38207266310643745 0.005810653952326613
43.2774772714506 0.3824286967844981 0.005979004895967052
43.27956409621929 0.3827802554433693 0.006155216045138136
43.28165092098797 0.3831274628249518 0.006339222622079217
43.28373774575665 0.3834701197439568 0.006530632316525786
43.285824570525335 0.38380818479386714 0.006729040237260814
43.287911395294024 0.38414181967990124 0.00693405583279093
43.28999822006271 0.38447139176675255 0.007145303592957373
43.29208504483139 0.3847974718142336 0.007362423430896014
43.29417186960008 0.3851208265973482 0.007585070738261076
43.29625869436876 0.3854424062136975 0.00781291611055402
43.29834551913744 0.3857633260186228 0.008045644744520438
43.300432343906124 0.38608484329238413 0.008282955515749861
43.30251916867481 0.3864083289268498 0.008524559751680025
43.304605993443495 0.3867352346118954 0.008770179722754743
43.30669281821218 0.3870670561927133 0.00901954688221293
43.30877964298086 0.3874052940459442 0.009272399892352203
43.31086646774955 0.38775141147257075 0.009528482481754457
43.31295329251823 0.3881067922172851 0.009787541183315167
43.31504011728691 0.3884726982883656 0.010049323006681305
43.317126942055594 0.3888502292626672 0.010313573100463014
43.319213766824284 0.3892402842149475 0.010580032459275156
43.321300591592966 0.3896435273110152 0.010848435728127546
43.32338741636165 0.3900603579560733 0.01111850915213368
43.32547424113033 0.39049088620229233 0.01138996871309336
43.32756106589902 0.39093491384244144 0.011662518485071612
43.3296478906677 0.3913913707470965 0.011935834695746753
43.33173471543638 0.3918570123656164 0.012209529838200724
43.333821540205065 0.39232800792936695 0.012483193092108191
43.335908364973754 0.39280041177275715 0.012756402359692824
43.337995189742436 0.3932702137255077 0.013028725446001414
43.34008201451112 0.3937333809873426 0.013299721121748632
43.3421688392798 0.39418589188276393 0.013568940057960102
43.34425566404849 0.39462376216294953 0.013835925631403114
43.34634248881717 0.39504306467937905 0.014100214606641138
43.348429313585854 0.39543994332309307 0.014361337704997295
43.350516138354536 0.3958106227522484 0.014618820239741528
43.352602963123225 0.3961524834879471 0.014872465260310521
43.35468978789191 0.3964663370507889 0.01512293847162457
43.35677661266059 0.3967539028274915 0.015371079132469503
43.35886343742928 0.3970171975541619 0.015617738843543963
43.36095026219796 0.39725852597973216 0.015863782508385105
43.36303708696664 0.3974804683955551 0.016110088864183504
43.365123911735324 0.39768586585967913 0.01635755064862554
43.36721073650401 0.3978778037899016 0.01660707446062911
43.369297561272695 0.39805959446654604 0.016859580365329887
43.37138438604138 0.3982347588729105 0.017116001287026044
43.37347121081006 0.3984070082066339 0.01737728222785643
43.37555803557875 0.3985802253167889 0.017644379344821978
43.37764486034743 0.39875844625712387 0.01791825891317616
43.37973168511611 0.39894584209351697 0.018199896200236466
43.381818509884795 0.39914670106139255 0.018490274270128813
43.383905334653484 0.3993654111349437 0.018790382736927187
43.385992159422166 0.39960644304291265 0.019101216480910514
43.38807898419085 0.399874333744206 0.01942377434028941
43.39016580895953 0.4001736703595701 0.019759057788594447
43.39225263372822 0.4005090745421299 0.02010806960606608
43.3943394584969 0.4008851872589217 0.020471812551671704
43.39642628326558 0.40130665394711695 0.020851288040898985
43.398513108034265 0.4017781100018092 0.021247494833076298
43.400599932802955 0.4023041665467395 0.021661427730790907
43.40268675757164 0.40288939643467647 0.022094076292832585
43.40477358234032 0.403538320420222 0.022546423561119477
43.40686040710901 0.4042553934441558 0.023019444801089813
43.40894723187769 0.4050449909650893 0.02351410625422883
43.41103405664637 0.4059113952708576 0.02403136390061233
43.413120881415054 0.40685878169855927 0.024572162228557678
43.41520770618374 0.40789120468854934 0.025137433007822448
43.417294530952425 0.4090125835935808 0.025728094062062754
43.41938135572111 0.4102266881599013 0.026345048035649854
43.42146818048979 0.4115371235919108 0.026989181149212817
43.42355500525848 0.4129462774788777 0.027661419498942054
43.42564183002716 0.41444912472476264 0.028363070193255083
43.42772865479584 0.4160373885497022 0.029095587074494215
43.429815479564525 0.417702594421043 0.02986039793620617
43.431902304333214 0.4194360678115113 0.03065890129599627
43.433989129101896 0.4104662547421207 0.0325525137474245
43.43607595387058 0.4117139925940414 0.03346188385491242
43.43816277863926 0.41297334101464706 0.03441145491222056
43.44024960340795 0.4142328786322653 0.035402616275393414
43.44233642817663 0.4154808516099046 0.03643671606979621
43.44442325294531 0.41670515309711026 0.037515057738930255
43.446510077713995 0.4178933007426713 0.0386388963649343
43.448596902482684 0.42094642601443577 0.041158038938310534
43.450683727251366 0.42219525051908335 0.04242354075477389
43.45277055202005 0.4233727872467624 0.043740647721254196
43.45485737678873 0.4244645637760027 0.045110463672047546
43.45694420155742 0.42545554327732693 0.04653401857248392
43.4590310263261 0.42633007968309933 0.0480122620914085
43.461117851094784 0.4270718684847045 0.049546056564835024
43.463204675863466 0.4276638926311616 0.051136169277842695
43.465291500632155 0.42808836293375024 0.05278326398211381
43.46737832540084 0.4283266523003808 0.05448789155498537
43.46946515016952 0.4283592230297008 0.05625047969285106
43.47155197493821 0.4281655462857222 0.05807132151623458
43.47363879970689 0.4277240127465582 0.059950562946167255
43.47572562447557 0.42701183327205344 0.0618881886906871
43.477812449244254 0.42600492826087605 0.06388400665571194
43.47989927401294 0.4741381373572476 0.072228064307634
43.481986098781626 0.4760519964659993 0.07478841681695503
43.48407292355031 0.47787598822712485 0.07744184799429535
43.48615974831899 0.47960261611897276 0.0801903677145666
43.48824657308768 0.481224383619897 0.08303598585269026
43.49033339785636 0.4827337942082355 0.08598071228355862
43.49242022262504 0.4841233513623424 0.08902655688209284
43.494507047393725 0.48538584282362196 0.09217558828040054
43.496593872162414 0.48651937816222945 0.09543097513302323
43.498680696931096 0.48752678972822017 0.09879686229344968
43.50076752169978 0.488411073789082 0.10227742849694575
43.50285434646846 0.48917522661229956 0.10587685247876634
43.50494117123715 0.4898222444653588 0.10959931297417927
43.50702799600583 0.49035512361573946 0.11344898871841404
43.50911482077451 0.4907768603309279 0.11743005844673808
43.511201645543196 0.4910904508784091 0.12154670089440633
43.513288470311885 0.49129889152566697 0.12580309479668836
43.51537529508057 0.49140517854018445 0.13020341888881018
43.51746211984925 0.49141230818944676 0.13475185190604094
43.51954894461793 0.49132327674093795 0.13945257258363544
43.52163576938662 0.4911410804621416 0.1443097596568656
43.5237225941553 0.49086871562054285 0.1493275918609531
43.525809418923984 0.49050917848362574 0.1545102479311692
43.527896243692666 0.4900654653188742 0.15986190660276878
43.529983068461355 0.4895405723937707 0.1653867466110259
43.53206989323004 0.4889374959758029 0.1710889466911579
43.53415671799872 0.48825923233245316 0.17697268557843798
43.53624354276741 0.4875087777312031 0.18304214200814234
43.53833036753609 0.4866891284395421 0.18930149471548444
43.54041719230477 0.48580328072495166 0.19575492243573936
43.542504017073455 0.48485423085491625 0.20240660390416235
43.544590841842144 0.4838449750969164 0.20926071785603176
43.546677666610826 0.48277850971844327 0.21632144302655598
43.54876449137951 0.48165783098697745 0.22359295815101282
43.55085131614819 0.48048593517000326 0.2310794419646573
43.55293814091688 0.4792658185350007 0.2387850732027708
43.55502496568556 0.47800047734946205 0.24671403060055577
43.55711179045424 0.4766929078808678 0.25487049289329317
43.559198615222925 0.4753461063967017 0.2632586388162377
43.561285439991615 0.47396306916444353 0.27188264710467425
43.5633722647603 0.47254679245158665 0.2807466964937989
43.56545908952898 0.4711002725256105 0.28985496571889535
43.56754591429766 0.46962650565399955 0.29921163351521884
43.56963273906635 0.4681284881042326 0.30882087861805707
43.57171956383503 0.46660921614380435 0.3186868797626
43.573806388603714 0.4650716860401935 0.3288138156841345
43.575893213372396 0.4635188940608845 0.3392058651179155
43.577980038141085 0.461953836473356 0.34986720679923483
43.58006686290977 0.460379509545103 0.3608020194632745
43.58215368767845 0.45879890954360436 0.3720144818453255
43.58424051244714 0.4572150327363388 0.38350877268068245
43.58632733721582 0.45563087539080116 0.39528907070452174
43.5884141619845 0.4540494337744705 0.4073595546521372
43.590500986753185 0.4524737041548309 0.41972440325878346
43.592587811521874 0.450906682799361 0.4323877952597593
43.594674636290556 0.449351365975556 0.4453539093902334
43.59676146105924 0.44781074995089454 0.45862692438550323
43.59884828582792 0.4462878309928608 0.4722110189808235
43.60093511059661 0.4447856053689341 0.48611037191149725
43.60302193536529 0.44330706934660835 0.5003291619126846
43.60510876013397 0.441855219193363 0.5148715677196875
43.607195584902655 0.4404330511766822 0.5297417680677605
43.609282409671344 0.43904356156404517 0.5449439416922109
43.611369234440026 0.4376897466229459 0.5604822673281906
43.61345605920871 0.4363746026208637 0.5763609237110051
43.61554288397739 0.4351011258252824 0.5925840895759094
43.61762970874608 0.4338723125036825 0.6091559436582157
43.61971653351476 0.4326911589235565 0.6260806646930662
43.621803358283444 0.431560661352384 0.6433624314157711
43.623890183052126 0.4304838160576495 0.6610054225615855
43.625977007820815 0.42946361930683374 0.6790138168658265
43.6280638325895 0.4285030673674277 0.6973917930636262
43.63015065735818 0.42760515650691217 0.7161435298903004
43.63223748212686 0.42677288299277116 0.7352732060811037
43.63432430689555 0.42600924309248656 0.7547850003713583
43.63641113166423 0.4253172330735475 0.7746830914961861
